1.0
100
0.01
0.00765320185386978
0.0 0.0 1.0
0.23177457264584692 0.2317745726458469 0.5364508547083062
0.23177457264584686 0.231774572645847 0.5364508547083061
0.2317745726458469 0.23177457264584678 0.5364508547083063
0.23177457264584678 0.23177457264584678 0.5364508547083064
0.23177457264584675 0.23177457264584678 0.5364508547083064
0.23177457264584675 0.23177457264584733 0.5364508547083059
0.23177457264584675 0.23177457264584733 0.5364508547083059
0.23177457264584725 0.23177457264584733 0.5364508547083054
0.23177457264584725 0.23177457264584733 0.5364508547083054
0.23177457264584725 0.23177457264584733 0.5364508547083054
0.23177457264584725 0.23177457264584733 0.5364508547083054
0.23177457264584725 0.23177457264584678 0.536450854708306
0.23177457264584675 0.23177457264584678 0.5364508547083064
0.23177457264584683 0.23177457264584678 0.5364508547083063
0.23177457264584683 0.23177457264584678 0.5364508547083063
0.23177457264584683 0.23177457264584678 0.5364508547083063
0.23177457264584683 0.23177457264584678 0.5364508547083063
0.23177457264584683 0.23177457264584678 0.5364508547083063
0.23177457264584683 0.23177457264584678 0.5364508547083063
0.23177457264584683 0.23177457264584678 0.5364508547083063
0.23177457264584683 0.23177457264584678 0.5364508547083063
0.23177457264584683 0.23177457264584678 0.5364508547083063
0.23177457264584683 0.23177457264584678 0.5364508547083063
0.23177457264584683 0.23177457264584678 0.5364508547083063
0.23177457264584683 0.23177457264584678 0.5364508547083063
0.23177457264584683 0.23177457264584678 0.5364508547083063
0.23177457264584683 0.23177457264584678 0.5364508547083063
0.23177457264584683 0.23177457264584678 0.5364508547083063
0.23177457264584683 0.23177457264584678 0.5364508547083063
0.23177457264584683 0.23177457264584678 0.5364508547083063
0.23177457264584683 0.23177457264584678 0.5364508547083063
0.23177457264584683 0.23177457264584678 0.5364508547083063
0.23177457264584683 0.23177457264584678 0.5364508547083063
0.23177457264584683 0.23177457264584678 0.5364508547083063
0.23177457264584683 0.23177457264584678 0.5364508547083063
0.23177457264584683 0.23177457264584678 0.5364508547083063
0.23177457264584683 0.23177457264584678 0.5364508547083063
0.23177457264584683 0.23177457264584678 0.5364508547083063
0.23177457264584683 0.23177457264584678 0.5364508547083063
0.23177457264584683 0.23177457264584678 0.5364508547083063
0.23177457264584683 0.23177457264584678 0.5364508547083063
0.23177457264584683 0.23177457264584678 0.5364508547083063
0.23177457264584683 0.23177457264584678 0.5364508547083063
0.23177457264584683 0.23177457264584678 0.5364508547083063
0.23177457264584683 0.23177457264584678 0.5364508547083063
0.23177457264584683 0.23177457264584678 0.5364508547083063
0.23177457264584683 0.23177457264584678 0.5364508547083063
0.23177457264584683 0.23177457264584678 0.5364508547083063
0.23177457264584683 0.23177457264584678 0.5364508547083063
0.23177457264584683 0.23177457264584678 0.5364508547083063
0.23177457264584683 0.23177457264584678 0.5364508547083063
0.23177457264584683 0.23177457264584678 0.5364508547083063
0.23177457264584683 0.23177457264584678 0.5364508547083063
0.23177457264584683 0.23177457264584678 0.5364508547083063
0.23177457264584683 0.23177457264584678 0.5364508547083063
0.23177457264584683 0.23177457264584678 0.5364508547083063
0.23177457264584683 0.23177457264584678 0.5364508547083063
0.23177457264584683 0.23177457264584678 0.5364508547083063
0.23177457264584683 0.23177457264584678 0.5364508547083063
0.23177457264584683 0.23177457264584678 0.5364508547083063
0.23177457264584683 0.23177457264584678 0.5364508547083063
0.23177457264584683 0.23177457264584678 0.5364508547083063
0.23177457264584683 0.23177457264584678 0.5364508547083063
0.23177457264584683 0.23177457264584678 0.5364508547083063
0.23177457264584683 0.23177457264584678 0.5364508547083063
0.23177457264584683 0.23177457264584678 0.5364508547083063
0.23177457264584683 0.23177457264584678 0.5364508547083063
0.23177457264584683 0.23177457264584678 0.5364508547083063
0.23177457264584683 0.23177457264584678 0.5364508547083063
0.23177457264584683 0.23177457264584678 0.5364508547083063
0.23177457264584683 0.23177457264584678 0.5364508547083063
0.23177457264584683 0.23177457264584678 0.5364508547083063
0.23177457264584683 0.23177457264584678 0.5364508547083063
0.23177457264584683 0.23177457264584678 0.5364508547083063
0.23177457264584683 0.23177457264584678 0.5364508547083063
0.23177457264584683 0.23177457264584678 0.5364508547083063
0.23177457264584683 0.23177457264584678 0.5364508547083063
0.23177457264584683 0.23177457264584678 0.5364508547083063
0.23177457264584683 0.23177457264584678 0.5364508547083063
0.23177457264584683 0.23177457264584678 0.5364508547083063
0.23177457264584683 0.23177457264584678 0.5364508547083063
0.23177457264584683 0.23177457264584678 0.5364508547083063
0.23177457264584683 0.23177457264584678 0.5364508547083063
0.23177457264584683 0.23177457264584678 0.5364508547083063
0.23177457264584683 0.23177457264584678 0.5364508547083063
0.23177457264584683 0.23177457264584678 0.5364508547083063
0.23177457264584683 0.23177457264584678 0.5364508547083063
0.23177457264584683 0.23177457264584678 0.5364508547083063
0.23177457264584683 0.23177457264584678 0.5364508547083063
0.23177457264584683 0.23177457264584678 0.5364508547083063
0.23177457264584683 0.23177457264584678 0.5364508547083063
0.23177457264584683 0.23177457264584678 0.5364508547083063
0.23177457264584683 0.23177457264584678 0.5364508547083063
0.23177457264584683 0.23177457264584678 0.5364508547083063
0.23177457264584683 0.23177457264584678 0.5364508547083063
0.23177457264584683 0.23177457264584678 0.5364508547083063
0.23177457264584683 0.23177457264584678 0.5364508547083063
0.23177457264584683 0.23177457264584678 0.5364508547083063
0.0 0.0 1.0
