1.0
30
0.03333333333333333
0.0255106728462326
0.0 0.0 0.0 0.0 1.0 
0.0 0.0 0.0 0.0 1.0 
0.0 0.0 0.0 0.0 1.0 
0.0 0.0 0.0 0.0 1.0 
0.0 0.0 0.0 0.0 1.0 
0.0 0.0 0.0 0.0 1.0 
0.0 0.0 0.0 0.0 1.0 
0.0 0.0 0.0 0.0 1.0 
0.0 0.0 0.0 0.0 1.0 
0.0 0.0 0.0 0.0 1.0 
0.0 0.0 0.0 0.0 1.0 
0.0 0.0 0.0 0.0 1.0 
0.0 0.0 0.0 0.0 1.0 
0.0 0.0 0.0 0.0 1.0 
0.0 0.0 0.0 0.0 1.0 
0.0 0.0 0.0 0.0 1.0 
0.0 0.0 0.0 0.0 1.0 
0.0 0.0 0.0 0.0 1.0 
0.0 0.0 0.0 0.0 1.0 
0.0 0.0 0.0 0.0 1.0 
0.0 0.0 0.0 0.0 1.0 
0.0 0.0 0.0 0.0 1.0 
0.0 0.0 0.0 0.0 1.0 
0.0 0.0 0.0 0.0 1.0 
0.0 0.0 0.0 0.0 1.0 
0.0 0.0 0.0 0.0 1.0 
0.0 0.0 0.0 0.0 1.0 
0.0 0.0 0.0 0.0 1.0 
0.0 0.0 0.0 0.0 1.0 
0.0 0.0 0.0 0.0 1.0 
0.0 0.0 0.0 0.0 1.0 
0.0063 0.0064 0.0082 0.0059 0.9732 
0.0076 0.0055 0.0055 0.0066 0.9748 
0.0058 0.0073 0.006 0.0056 0.9753000000000001 
0.0063 0.0073 0.0076 0.0062 0.9726 
0.0069 0.0061 0.0077 0.0066 0.9727 
0.0082 0.0058 0.0063 0.0071 0.9726 
0.0073 0.0061 0.0068 0.0079 0.9719 
0.0064 0.0055 0.0063 0.0069 0.9749 
0.0073 0.0083 0.0065 0.0062 0.9717 
0.0069 0.008 0.0051 0.0074 0.9726 
0.0067 0.0069 0.0066 0.0075 0.9722999999999999 
0.0073 0.0071 0.0065 0.0067 0.9724 
0.0067 0.0062 0.0076 0.0057 0.9738 
0.0079 0.0058 0.0066 0.0075 0.9722 
0.0054 0.0058 0.0092 0.0078 0.9718 
0.0068 0.0068 0.0064 0.0078 0.9722 
0.0066 0.0059 0.0068 0.007 0.9737 
0.0064 0.0069 0.0069 0.0054 0.9744 
0.006 0.0067 0.0078 0.0066 0.9729 
0.006 0.0078 0.0069 0.0069 0.9724 
0.0061 0.008 0.0074 0.0068 0.9717 
0.0073 0.0072 0.0047 0.0052 0.9756 
0.0071 0.005 0.0061 0.0084 0.9734 
0.0067 0.0062 0.0065 0.0071 0.9735 
0.0071 0.0064 0.007 0.0068 0.9727 
0.0064 0.0073 0.0058 0.0069 0.9736 
0.0066 0.0075 0.0069 0.0072 0.9718 
0.0084 0.0074 0.0055 0.0064 0.9723 
0.0 0.0 0.0 0.0 1.0 
0.0 0.0 0.0 0.0 1.0 
0.0075 0.0062 0.0078 0.0071 0.9714 
0.0072 0.0082 0.0079 0.0072 0.9695 
0.0074 0.0068 0.0073 0.0071 0.9714 
0.0068 0.0073 0.0054 0.0075 0.973 
0.0069 0.0077 0.0064 0.0071 0.9719 
0.0069 0.0067 0.0065 0.0059 0.974 
0.0061 0.0057 0.0062 0.0066 0.9754 
0.0058 0.007 0.0069 0.0087 0.9716 
0.0069 0.0067 0.0068 0.0068 0.9728 
0.0071 0.0054 0.0092 0.0066 0.9717 
0.0057 0.0042 0.0078 0.0068 0.9755 
0.0078 0.0064 0.006 0.0058 0.974 
0.0083 0.0084 0.0072 0.0063 0.9698 
0.0069 0.0067 0.0068 0.0064 0.9732 
0.0068 0.0071 0.0071 0.0069 0.9721 
0.0068 0.0062 0.0085 0.0087 0.9698 
0.0065 0.0075 0.0051 0.007 0.9739 
0.0052 0.0063 0.0072 0.0061 0.9752 
0.007 0.0074 0.006 0.0073 0.9722999999999999 
0.008 0.0075 0.0075 0.0059 0.9711 
0.0071 0.0064 0.0067 0.008 0.9718 
0.0054 0.0076 0.0068 0.0064 0.9738 
0.007 0.0084 0.0066 0.0075 0.9705 
0.0073 0.0072 0.0065 0.0062 0.9728 
0.0075 0.0055 0.0058 0.0068 0.9744 
0.0063 0.0069 0.0063 0.0069 0.9736 
0.0063 0.0066 0.0067 0.0067 0.9737 
0.0061 0.0072 0.0075 0.0074 0.9718 
0.0 0.0 0.0 0.0 1.0 
0.0 0.0 0.0 0.0 1.0 
0.0077 0.0071 0.0077 0.0059 0.9716 
0.0069 0.0073 0.0072 0.0063 0.9722999999999999 
0.0071 0.0084 0.0077 0.0073 0.9695 
0.0068 0.007 0.0053 0.0069 0.974 
0.0066 0.0073 0.0079 0.005 0.9732 
0.0062 0.0073 0.0079 0.0066 0.972 
0.0071 0.0072 0.0062 0.0068 0.9727 
0.0065 0.0068 0.0063 0.0082 0.9722 
0.0065 0.0079 0.0078 0.0056 0.9722 
0.0075 0.0066 0.0082 0.0079 0.9698 
0.0073 0.0063 0.0064 0.0058 0.9742 
0.0061 0.0071 0.0071 0.0072 0.9725 
0.0058 0.0066 0.0082 0.0066 0.9728 
0.007 0.0093 0.0074 0.0059 0.9704 
0.006 0.0067 0.0065 0.0076 0.9732 
0.0082 0.0062 0.0066 0.0082 0.9708 
0.0064 0.0071 0.0069 0.0064 0.9732 
0.0073 0.0072 0.0078 0.007 0.9707 
0.0063 0.0089 0.0067 0.0063 0.9718 
0.0061 0.0076 0.0071 0.0061 0.9731 
0.0071 0.0065 0.0078 0.0067 0.9719 
0.0064 0.008 0.0074 0.0072 0.971 
0.0073 0.0076 0.0083 0.0067 0.9701 
0.0065 0.0059 0.0071 0.0064 0.9741 
0.0058 0.0075 0.0066 0.0056 0.9745 
0.0075 0.007 0.0056 0.0066 0.9733 
0.0069 0.0061 0.0062 0.0075 0.9733 
0.0066 0.0059 0.0063 0.007 0.9742 
0.0 0.0 0.0 0.0 1.0 
0.0 0.0 0.0 0.0 1.0 
0.0069 0.0068 0.0065 0.0072 0.9726 
0.006 0.0068 0.0069 0.0065 0.9738 
0.0074 0.0065 0.0069 0.0083 0.9709 
0.0072 0.0064 0.0076 0.0069 0.9719 
0.0066 0.0076 0.0053 0.0076 0.9729 
0.0055 0.0073 0.006 0.0064 0.9748 
0.0078 0.0071 0.0066 0.0071 0.9714 
0.0061 0.0075 0.0071 0.0067 0.9726 
0.0067 0.0074 0.0069 0.0082 0.9708 
0.0057 0.0066 0.007 0.0061 0.9746 
0.0064 0.0057 0.0066 0.0075 0.9738 
0.0084 0.0078 0.0053 0.0079 0.9706 
0.0069 0.0064 0.0084 0.0066 0.9717 
0.0058 0.0064 0.0055 0.0067 0.9756 
0.0068 0.007 0.007 0.0056 0.9736 
0.0073 0.0082 0.0068 0.0072 0.9705 
0.0067 0.0064 0.006 0.0057 0.9752 
0.0063 0.0085 0.0066 0.0079 0.9707 
0.0063 0.0067 0.0068 0.0055 0.9747 
0.0062 0.0069 0.0073 0.0077 0.9719 
0.0064 0.0071 0.0056 0.0071 0.9738 
0.0063 0.0066 0.0075 0.0076 0.972 
0.0078 0.0085 0.0077 0.006 0.97 
0.006 0.0085 0.0063 0.0073 0.9719 
0.0062 0.0059 0.0069 0.0073 0.9737 
0.0066 0.0076 0.0071 0.0064 0.9723 
0.0071 0.0069 0.0065 0.0075 0.972 
0.0058 0.0067 0.0076 0.0057 0.9742 
0.0 0.0 0.0 0.0 1.0 
0.0 0.0 0.0 0.0 1.0 
0.0077 0.006 0.0068 0.0064 0.9731 
0.0064 0.006 0.0068 0.0062 0.9746 
0.0064 0.0063 0.0068 0.0067 0.9738 
0.0071 0.0067 0.006 0.0073 0.9729 
0.0078 0.0062 0.0066 0.0076 0.9718 
0.008 0.0053 0.0077 0.0058 0.9732 
0.0064 0.0071 0.007 0.0064 0.9731 
0.0063 0.0069 0.007 0.0072 0.9726 
0.0065 0.0071 0.0057 0.008 0.9727 
0.0053 0.0062 0.0056 0.0073 0.9756 
0.0057 0.006 0.006 0.0069 0.9754 
0.0066 0.0057 0.0077 0.0067 0.9733 
0.0061 0.0069 0.0078 0.0066 0.9726 
0.0068 0.0066 0.0059 0.0077 0.973 
0.0055 0.0072 0.0063 0.007 0.974 
0.0062 0.007 0.007 0.0061 0.9737 
0.0082 0.0064 0.0073 0.0068 0.9713 
0.0066 0.0068 0.0084 0.0056 0.9726 
0.007 0.0071 0.0078 0.0063 0.9718 
0.007 0.006 0.0073 0.0051 0.9746 
0.008 0.0068 0.009 0.0078 0.9684 
0.0073 0.0074 0.0061 0.0071 0.9721 
0.0072 0.0069 0.0068 0.0065 0.9726 
0.0057 0.0067 0.0068 0.0079 0.9729 
0.0079 0.0077 0.0065 0.0065 0.9714 
0.0066 0.0059 0.0057 0.006 0.9758 
0.0075 0.0063 0.0069 0.0079 0.9714 
0.0076 0.0079 0.0063 0.0065 0.9717 
0.0 0.0 0.0 0.0 1.0 
0.0 0.0 0.0 0.0 1.0 
0.0078 0.0078 0.0067 0.0072 0.9705 
0.0069 0.007 0.006 0.0083 0.9718 
0.0073 0.0061 0.0052 0.0055 0.9759 
0.0067 0.0069 0.0065 0.0078 0.9721 
0.0074 0.0052 0.0059 0.0054 0.9761 
0.0075 0.0061 0.0077 0.0064 0.9723 
0.0071 0.0076 0.0077 0.006 0.9716 
0.0067 0.0061 0.0072 0.0063 0.9737 
0.0073 0.0058 0.0076 0.0079 0.9714 
0.0061 0.005 0.0069 0.0076 0.9744 
0.0066 0.0058 0.0084 0.0063 0.9729 
0.0079 0.0073 0.0073 0.0063 0.9712 
0.008 0.0078 0.0073 0.0061 0.9708 
0.0057 0.0068 0.0084 0.0073 0.9718 
0.0083 0.0077 0.0068 0.0075 0.9697 
0.0071 0.0063 0.006 0.0063 0.9742999999999999 
0.0068 0.0067 0.0061 0.0064 0.974 
0.007 0.0067 0.0063 0.0071 0.9729 
0.0067 0.0061 0.0068 0.0078 0.9726 
0.0054 0.0061 0.0063 0.0068 0.9754 
0.0062 0.0084 0.0072 0.0066 0.9716 
0.0068 0.0066 0.0073 0.0079 0.9714 
0.0077 0.0068 0.0064 0.0077 0.9714 
0.0074 0.0057 0.0063 0.0072 0.9734 
0.005 0.0068 0.0056 0.0056 0.977 
0.0083 0.0072 0.0064 0.0061 0.972 
0.0052 0.0064 0.0082 0.0061 0.9741 
0.0054 0.0061 0.0059 0.0051 0.9775 
0.0 0.0 0.0 0.0 1.0 
0.0 0.0 0.0 0.0 1.0 
0.0075 0.0073 0.0067 0.0076 0.9709 
0.0065 0.0064 0.0063 0.0078 0.973 
0.0081 0.007 0.0061 0.0064 0.9724 
0.0076 0.0065 0.0057 0.0059 0.9743 
0.006 0.0075 0.0062 0.0057 0.9746 
0.007 0.0069 0.007 0.008 0.9711 
0.0069 0.0062 0.0065 0.0069 0.9735 
0.0064 0.0061 0.0059 0.0065 0.9751 
0.0065 0.0063 0.0071 0.0056 0.9745 
0.0067 0.0071 0.0068 0.0078 0.9716 
0.006 0.006 0.0073 0.0065 0.9742 
0.0071 0.0049 0.0062 0.0062 0.9756 
0.0057 0.0061 0.0069 0.008 0.9733 
0.0062 0.0076 0.0066 0.0081 0.9715 
0.0067 0.0073 0.0065 0.0065 0.973 
0.0056 0.0064 0.0065 0.0063 0.9752 
0.0069 0.0068 0.0063 0.0069 0.9731 
0.0074 0.0074 0.0066 0.0071 0.9715 
0.0057 0.0075 0.0067 0.0064 0.9737 
0.0066 0.0066 0.0072 0.0065 0.9731 
0.009 0.0066 0.0078 0.0066 0.97 
0.0073 0.0071 0.0069 0.0066 0.9721 
0.0066 0.0073 0.0063 0.0068 0.973 
0.0059 0.007 0.0071 0.0072 0.9728 
0.0069 0.0064 0.0067 0.0071 0.9729 
0.0068 0.0062 0.0072 0.0058 0.974 
0.0069 0.0065 0.0068 0.0069 0.9729 
0.0076 0.0081 0.0076 0.0069 0.9698 
0.0 0.0 0.0 0.0 1.0 
0.0 0.0 0.0 0.0 1.0 
0.006 0.0069 0.0067 0.0049 0.9755 
0.0067 0.007 0.0077 0.0076 0.971 
0.0066 0.0082 0.0068 0.0058 0.9726 
0.0071 0.0064 0.0063 0.0066 0.9736 
0.0065 0.0059 0.0058 0.007 0.9748 
0.006 0.0089 0.0071 0.0063 0.9717 
0.008 0.0067 0.006 0.0077 0.9716 
0.0072 0.0067 0.0061 0.0076 0.9724 
0.0056 0.0073 0.0063 0.007 0.9738 
0.0072 0.006 0.0066 0.0068 0.9734 
0.0065 0.0057 0.0068 0.0052 0.9758 
0.0058 0.006 0.0057 0.005 0.9775 
0.0079 0.0074 0.006 0.0062 0.9725 
0.0079 0.007 0.0065 0.0071 0.9715 
0.0062 0.0066 0.0065 0.0075 0.9732 
0.0066 0.0063 0.0072 0.0074 0.9725 
0.0065 0.0057 0.0071 0.0064 0.9743 
0.0056 0.008 0.0061 0.0069 0.9734 
0.0063 0.0071 0.0068 0.0072 0.9726 
0.0072 0.0079 0.0077 0.0057 0.9715 
0.0076 0.0078 0.0085 0.007 0.9691 
0.0067 0.007 0.0063 0.0071 0.9729 
0.0066 0.0075 0.0059 0.0072 0.9728 
0.0073 0.0062 0.0074 0.0068 0.9722999999999999 
0.0075 0.0063 0.0061 0.0068 0.9733 
0.0076 0.0066 0.0054 0.0065 0.9739 
0.008 0.0068 0.0063 0.0067 0.9722 
0.0057 0.0049 0.0072 0.0052 0.977 
0.0 0.0 0.0 0.0 1.0 
0.0 0.0 0.0 0.0 1.0 
0.0061 0.0065 0.0056 0.0063 0.9755 
0.0053 0.007 0.0082 0.0065 0.973 
0.0055 0.0073 0.0073 0.0058 0.9741 
0.0063 0.0065 0.0069 0.007 0.9733 
0.0056 0.0062 0.0073 0.0068 0.9741 
0.0066 0.0068 0.0061 0.0069 0.9736 
0.0057 0.007 0.008 0.0066 0.9727 
0.0061 0.0069 0.0059 0.008 0.9731 
0.0064 0.0082 0.0069 0.0078 0.9707 
0.0065 0.0062 0.0055 0.0055 0.9763 
0.0052 0.0072 0.0056 0.0064 0.9756 
0.0082 0.0078 0.0062 0.0068 0.971 
0.0073 0.0063 0.006 0.0063 0.9741 
0.0077 0.0067 0.0065 0.0074 0.9717 
0.0089 0.0068 0.0063 0.0088 0.9692 
0.0066 0.0066 0.0066 0.0066 0.9736 
0.0068 0.0065 0.0059 0.0072 0.9736 
0.0067 0.0054 0.0063 0.0074 0.9742 
0.0057 0.0072 0.0083 0.0059 0.9729 
0.0064 0.0065 0.0057 0.0054 0.976 
0.0073 0.0058 0.0066 0.0061 0.9742 
0.0069 0.0067 0.0066 0.0055 0.9742999999999999 
0.0073 0.0076 0.0066 0.0054 0.9731 
0.0071 0.0082 0.0058 0.008 0.9709 
0.0069 0.0061 0.0073 0.0061 0.9736 
0.0063 0.0067 0.0064 0.0073 0.9733 
0.0064 0.0082 0.0076 0.0075 0.9703 
0.0058 0.0071 0.0065 0.0069 0.9737 
0.0 0.0 0.0 0.0 1.0 
0.0 0.0 0.0 0.0 1.0 
0.0074 0.0077 0.0079 0.007 0.97 
0.0062 0.0074 0.008 0.0086 0.9698 
0.0065 0.007 0.0068 0.0076 0.9721 
0.0063 0.0076 0.0065 0.0067 0.9729 
0.006 0.0067 0.0062 0.0067 0.9744 
0.0075 0.0066 0.0071 0.0078 0.971 
0.0059 0.0062 0.0073 0.0065 0.9741 
0.0075 0.0058 0.0071 0.0048 0.9748 
0.0068 0.0063 0.0073 0.006 0.9736 
0.0059 0.0074 0.007 0.0066 0.9731 
0.0075 0.006 0.0077 0.0074 0.9714 
0.0071 0.0073 0.0057 0.0057 0.9742 
0.0066 0.0059 0.0064 0.0047 0.9764 
0.0064 0.0076 0.0076 0.0074 0.971 
0.0073 0.0069 0.0066 0.0082 0.971 
0.0069 0.0069 0.0069 0.0083 0.971 
0.0058 0.0077 0.0077 0.0072 0.9716 
0.0064 0.0056 0.0066 0.0074 0.974 
0.005 0.0077 0.0066 0.0064 0.9743 
0.0068 0.0078 0.006 0.006 0.9734 
0.0071 0.0063 0.0067 0.0066 0.9733 
0.0077 0.0063 0.0068 0.0057 0.9735 
0.0063 0.0068 0.0073 0.0057 0.9739 
0.0076 0.0087 0.0079 0.0074 0.9684 
0.0078 0.0049 0.0075 0.0074 0.9724 
0.0057 0.007 0.0077 0.006 0.9736 
0.0066 0.0074 0.0082 0.0065 0.9713 
0.0083 0.008 0.0069 0.0075 0.9693 
0.0 0.0 0.0 0.0 1.0 
0.0 0.0 0.0 0.0 1.0 
0.0064 0.0072 0.0066 0.0057 0.9741 
0.007 0.0062 0.0065 0.007 0.9733 
0.0068 0.0073 0.0086 0.0077 0.9696 
0.008 0.007 0.0053 0.0059 0.9738 
0.0066 0.0077 0.0062 0.0064 0.9731 
0.0053 0.0056 0.0056 0.0059 0.9776 
0.0078 0.0075 0.0076 0.0064 0.9707 
0.0092 0.0069 0.0072 0.0072 0.9695 
0.0064 0.0075 0.0068 0.0075 0.9718 
0.0065 0.0066 0.0068 0.005 0.9751 
0.0071 0.006 0.0065 0.0079 0.9725 
0.0059 0.0067 0.0069 0.0057 0.9748 
0.0066 0.0054 0.0064 0.0072 0.9744 
0.0073 0.0064 0.0059 0.0068 0.9736 
0.0067 0.0071 0.0052 0.0068 0.9742 
0.0073 0.0059 0.006 0.0062 0.9746 
0.0078 0.0075 0.0055 0.0063 0.9729 
0.006 0.0065 0.0057 0.0073 0.9745 
0.0078 0.0062 0.0068 0.0069 0.9723 
0.0062 0.0061 0.0077 0.006 0.974 
0.0068 0.006 0.0072 0.0066 0.9734 
0.0051 0.0067 0.0066 0.0045 0.9771 
0.0067 0.0073 0.0075 0.0067 0.9718 
0.0056 0.0062 0.0074 0.0088 0.972 
0.007 0.0072 0.0064 0.0069 0.9725 
0.008 0.0079 0.0049 0.0066 0.9726 
0.0079 0.0055 0.0082 0.0056 0.9728 
0.0056 0.0053 0.007 0.0062 0.9759 
0.0 0.0 0.0 0.0 1.0 
0.0 0.0 0.0 0.0 1.0 
0.006 0.0086 0.0072 0.0077 0.9705 
0.0058 0.0068 0.0063 0.0072 0.9739 
0.0072 0.0079 0.006 0.0065 0.9724 
0.0078 0.0065 0.0066 0.0063 0.9728 
0.0073 0.0068 0.0063 0.0069 0.9727 
0.0067 0.009 0.0067 0.0064 0.9712 
0.0068 0.0073 0.0063 0.0061 0.9735 
0.0049 0.0069 0.0066 0.0052 0.9764 
0.0074 0.0079 0.006 0.0072 0.9715 
0.0063 0.0067 0.0073 0.0072 0.9725 
0.0077 0.0065 0.0062 0.0068 0.9728 
0.0062 0.0075 0.0078 0.008 0.9705 
0.0069 0.0066 0.0065 0.0083 0.9717 
0.0075 0.0068 0.0065 0.0092 0.97 
0.0064 0.0077 0.0058 0.0056 0.9745 
0.0067 0.0075 0.0072 0.0056 0.973 
0.0083 0.0079 0.0062 0.0078 0.9698 
0.0063 0.0076 0.0062 0.0052 0.9747 
0.0068 0.0058 0.0063 0.0067 0.9744 
0.0073 0.0067 0.008 0.0066 0.9714 
0.008 0.0077 0.0065 0.0062 0.9716 
0.0064 0.0066 0.0069 0.007 0.9731 
0.0061 0.0078 0.0065 0.0075 0.9721 
0.0072 0.0063 0.0075 0.0048 0.9742 
0.006 0.0065 0.0077 0.0072 0.9726 
0.0053 0.0074 0.0064 0.007 0.9739 
0.0077 0.0065 0.0058 0.006 0.974 
0.0085 0.0064 0.0065 0.0057 0.9729 
0.0 0.0 0.0 0.0 1.0 
0.0 0.0 0.0 0.0 1.0 
0.0089 0.0065 0.0068 0.0072 0.9706 
0.0068 0.0061 0.0059 0.0063 0.9749 
0.006 0.0079 0.0059 0.0074 0.9728 
0.0079 0.0064 0.0066 0.0059 0.9732 
0.0076 0.0075 0.0068 0.0069 0.9712 
0.0086 0.0066 0.0062 0.0077 0.9709 
0.0065 0.0062 0.0072 0.0065 0.9736 
0.0047 0.0083 0.0074 0.0085 0.9711 
0.0053 0.0064 0.0055 0.006 0.9768 
0.006 0.0068 0.0063 0.0074 0.9735 
0.0059 0.0063 0.0068 0.0059 0.9751 
0.007 0.0076 0.0066 0.0083 0.9705 
0.0059 0.0073 0.0069 0.0077 0.9722 
0.0078 0.006 0.0086 0.0072 0.9704 
0.0062 0.0056 0.006 0.0064 0.9758 
0.0064 0.0065 0.0066 0.007 0.9735 
0.006 0.0067 0.0063 0.0069 0.9741 
0.0072 0.0053 0.0057 0.0072 0.9746 
0.0071 0.0068 0.006 0.0072 0.9729 
0.0059 0.0082 0.0059 0.0063 0.9737 
0.0059 0.0058 0.0076 0.0081 0.9726 
0.0079 0.0058 0.0079 0.0065 0.9719 
0.007 0.0088 0.0068 0.008 0.9694 
0.0072 0.0061 0.0059 0.0065 0.9743 
0.006 0.0068 0.0064 0.0071 0.9737 
0.0072 0.0077 0.0082 0.0074 0.9695 
0.0053 0.0077 0.0062 0.006 0.9748 
0.0071 0.0067 0.0061 0.0062 0.9739 
0.0 0.0 0.0 0.0 1.0 
0.0 0.0 0.0 0.0 1.0 
0.0084 0.0077 0.0075 0.0073 0.9691 
0.007 0.0067 0.0065 0.0065 0.9733 
0.0077 0.0071 0.0071 0.0073 0.9708 
0.007 0.0068 0.0081 0.008 0.9701 
0.0078 0.0069 0.0071 0.0058 0.9724 
0.007 0.0061 0.0058 0.0067 0.9744 
0.0082 0.0074 0.0071 0.0068 0.9705 
0.0086 0.0061 0.0076 0.0087 0.969 
0.0057 0.0077 0.0073 0.0065 0.9728 
0.0058 0.005 0.0059 0.0067 0.9766 
0.0053 0.0064 0.0062 0.0057 0.9764 
0.0061 0.0067 0.0075 0.0084 0.9713 
0.0064 0.0071 0.0069 0.0072 0.9724 
0.0062 0.0083 0.0064 0.0074 0.9717 
0.0064 0.0067 0.0065 0.0078 0.9726 
0.0073 0.0052 0.0069 0.0085 0.9721 
0.0087 0.0064 0.0077 0.0069 0.9703 
0.0078 0.0067 0.0059 0.0078 0.9718 
0.0053 0.0063 0.0051 0.0066 0.9767 
0.0062 0.0053 0.0061 0.0077 0.9747 
0.0073 0.0067 0.0072 0.0068 0.972 
0.0068 0.0066 0.0061 0.0068 0.9737 
0.0078 0.0069 0.0066 0.0067 0.972 
0.0067 0.0072 0.0069 0.0063 0.9729 
0.0062 0.0067 0.0049 0.0069 0.9753000000000001 
0.0081 0.0068 0.0066 0.0077 0.9708 
0.0065 0.0067 0.0081 0.0058 0.9729 
0.0073 0.008 0.0077 0.0061 0.9709 
0.0 0.0 0.0 0.0 1.0 
0.0 0.0 0.0 0.0 1.0 
0.0073 0.0074 0.0066 0.0058 0.9729 
0.0071 0.0061 0.0065 0.0062 0.9741 
0.0078 0.0068 0.0067 0.007 0.9717 
0.0078 0.0075 0.0067 0.0053 0.9727 
0.0096 0.0082 0.0065 0.0076 0.9681 
0.0072 0.0085 0.0079 0.0056 0.9708 
0.0062 0.0065 0.0066 0.0068 0.9739 
0.008 0.007 0.006 0.0058 0.9732 
0.0059 0.0075 0.0072 0.0067 0.9727 
0.0062 0.0063 0.006 0.0072 0.9742999999999999 
0.0061 0.006 0.0063 0.0069 0.9747 
0.007 0.0071 0.0057 0.0071 0.9731 
0.0082 0.0086 0.007 0.0065 0.9697 
0.0069 0.0059 0.0069 0.0078 0.9725 
0.0075 0.0079 0.0079 0.0067 0.97 
0.0077 0.0074 0.005 0.0069 0.973 
0.0055 0.0074 0.0057 0.0059 0.9755 
0.0062 0.0072 0.0065 0.0064 0.9737 
0.0064 0.0066 0.0066 0.0049 0.9755 
0.0064 0.0076 0.0057 0.0066 0.9737 
0.0068 0.0067 0.0073 0.0061 0.9731 
0.0056 0.0091 0.0055 0.0066 0.9732 
0.0071 0.0067 0.0087 0.0069 0.9706 
0.007 0.0078 0.0064 0.0061 0.9727 
0.0069 0.007 0.0065 0.0081 0.9715 
0.0071 0.007 0.0069 0.0062 0.9728 
0.0059 0.007 0.006 0.0054 0.9757 
0.0069 0.0076 0.0074 0.0066 0.9715 
0.0 0.0 0.0 0.0 1.0 
0.0 0.0 0.0 0.0 1.0 
0.006 0.0059 0.0058 0.0073 0.975 
0.0056 0.0076 0.0083 0.0064 0.9721 
0.0064 0.0092 0.0067 0.0062 0.9715 
0.0073 0.0065 0.006 0.007 0.9732 
0.0076 0.007 0.0077 0.0062 0.9715 
0.0061 0.0061 0.0078 0.007 0.973 
0.0065 0.0057 0.0055 0.0066 0.9757 
0.008 0.0074 0.0067 0.0062 0.9717 
0.0061 0.0073 0.0072 0.0071 0.9722999999999999 
0.0082 0.0064 0.0067 0.0071 0.9716 
0.0072 0.0068 0.0066 0.0059 0.9735 
0.0057 0.0076 0.0055 0.0058 0.9754 
0.0054 0.0068 0.0081 0.0064 0.9733 
0.0082 0.0077 0.0062 0.0079 0.97 
0.007 0.0061 0.0052 0.0072 0.9745 
0.0071 0.0057 0.0071 0.0074 0.9727 
0.0063 0.0074 0.0059 0.0076 0.9728 
0.0072 0.007 0.0071 0.0073 0.9714 
0.007 0.0061 0.0066 0.0075 0.9728 
0.0065 0.0069 0.0071 0.0071 0.9724 
0.0081 0.008 0.0069 0.0076 0.9694 
0.007 0.0064 0.0078 0.0057 0.9731 
0.0061 0.0057 0.0055 0.0059 0.9768 
0.0084 0.0063 0.007 0.0064 0.9719 
0.0072 0.0062 0.0068 0.0078 0.972 
0.0066 0.0077 0.0054 0.0078 0.9725 
0.0065 0.007 0.0075 0.0066 0.9724 
0.0064 0.007 0.0059 0.007 0.9737 
0.0 0.0 0.0 0.0 1.0 
0.0 0.0 0.0 0.0 1.0 
0.008 0.008 0.0058 0.0076 0.9706 
0.0076 0.0067 0.0061 0.0056 0.974 
0.0078 0.0063 0.007 0.0067 0.9722 
0.0068 0.0071 0.0062 0.0066 0.9733 
0.0068 0.0076 0.0061 0.0076 0.9719 
0.0063 0.0057 0.0058 0.0056 0.9766 
0.006 0.0059 0.005 0.0067 0.9764 
0.0076 0.0061 0.0069 0.008 0.9714 
0.0064 0.007 0.0059 0.006 0.9747 
0.0067 0.0077 0.0053 0.0069 0.9734 
0.006 0.0061 0.0064 0.0062 0.9753000000000001 
0.006 0.0062 0.006 0.0064 0.9754 
0.0067 0.0091 0.0062 0.0076 0.9704 
0.0072 0.0063 0.0065 0.008 0.972 
0.0062 0.0064 0.0068 0.0067 0.9739 
0.0072 0.0076 0.0073 0.0065 0.9714 
0.0068 0.0056 0.0059 0.0069 0.9748 
0.0058 0.0086 0.0065 0.0061 0.973 
0.0068 0.0084 0.0058 0.007 0.972 
0.0064 0.0061 0.0064 0.0056 0.9755 
0.0072 0.007 0.0082 0.0075 0.9701 
0.0077 0.0066 0.0063 0.0075 0.9719 
0.0083 0.0069 0.0059 0.0074 0.9715 
0.0074 0.0068 0.0059 0.0052 0.9747 
0.0062 0.0076 0.0057 0.007 0.9735 
0.0059 0.0059 0.0073 0.0059 0.975 
0.0063 0.0082 0.0065 0.0068 0.9722 
0.0063 0.007 0.0085 0.0076 0.9706 
0.0 0.0 0.0 0.0 1.0 
0.0 0.0 0.0 0.0 1.0 
0.0066 0.0068 0.0051 0.0071 0.9744 
0.0068 0.0062 0.0076 0.0081 0.9713 
0.0064 0.0061 0.0066 0.0065 0.9744 
0.0069 0.0069 0.0069 0.0063 0.973 
0.0077 0.0057 0.0069 0.0073 0.9724 
0.0077 0.0079 0.0073 0.0063 0.9708 
0.0069 0.0068 0.0074 0.0089 0.97 
0.0063 0.006 0.0067 0.0067 0.9742999999999999 
0.0059 0.0071 0.0064 0.0084 0.9722 
0.0078 0.0067 0.0057 0.0063 0.9735 
0.0078 0.0074 0.0067 0.0081 0.97 
0.0064 0.0065 0.0071 0.0077 0.9722999999999999 
0.0065 0.0072 0.0068 0.006 0.9735 
0.0071 0.0079 0.006 0.007 0.972 
0.0061 0.0081 0.0059 0.0064 0.9735 
0.0056 0.0059 0.007 0.0082 0.9733 
0.0047 0.0054 0.0085 0.0062 0.9752 
0.0072 0.0048 0.0067 0.0067 0.9746 
0.0064 0.0051 0.0081 0.0062 0.9742 
0.0061 0.007 0.0062 0.0075 0.9732 
0.0067 0.0061 0.0059 0.0051 0.9762 
0.0076 0.0074 0.0061 0.0065 0.9724 
0.0065 0.0062 0.0048 0.0075 0.975 
0.0089 0.0069 0.0061 0.01 0.9681 
0.0079 0.0041 0.0068 0.0069 0.9742999999999999 
0.0073 0.007 0.009 0.0071 0.9696 
0.0062 0.0078 0.0074 0.0064 0.9722 
0.0064 0.0065 0.0054 0.0069 0.9748 
0.0 0.0 0.0 0.0 1.0 
0.0 0.0 0.0 0.0 1.0 
0.0072 0.0079 0.0062 0.0048 0.9739 
0.0069 0.0064 0.007 0.0061 0.9736 
0.007 0.007 0.0064 0.0079 0.9717 
0.0059 0.0076 0.0082 0.0072 0.9711 
0.0059 0.0059 0.0066 0.0073 0.9742999999999999 
0.007 0.0077 0.0067 0.0069 0.9717 
0.008 0.0072 0.0071 0.0076 0.9701 
0.0078 0.0075 0.0077 0.0069 0.9701 
0.0057 0.0058 0.0082 0.0063 0.974 
0.007 0.0073 0.0057 0.0073 0.9727 
0.0074 0.0072 0.008 0.0062 0.9712 
0.0057 0.0063 0.0066 0.0072 0.9742 
0.0058 0.0065 0.0074 0.0054 0.9749 
0.0082 0.0074 0.0072 0.0072 0.97 
0.0073 0.0082 0.0058 0.0077 0.971 
0.0069 0.0078 0.0067 0.0077 0.9709 
0.0083 0.0064 0.0068 0.0073 0.9712 
0.0073 0.0068 0.0077 0.0065 0.9717 
0.0069 0.0068 0.0071 0.0087 0.9705 
0.0088 0.0078 0.0076 0.0063 0.9695 
0.0076 0.0071 0.0076 0.0078 0.9699 
0.0068 0.0074 0.0073 0.0073 0.9712 
0.0081 0.0073 0.0052 0.0048 0.9746 
0.0065 0.0059 0.0074 0.0058 0.9744 
0.0063 0.0053 0.0055 0.0079 0.975 
0.0067 0.0063 0.0074 0.0066 0.973 
0.0072 0.0073 0.0075 0.0072 0.9708 
0.008 0.0068 0.0079 0.0066 0.9707 
0.0 0.0 0.0 0.0 1.0 
0.0 0.0 0.0 0.0 1.0 
0.0082 0.0066 0.0068 0.0077 0.9707 
0.0041 0.0079 0.0072 0.0059 0.9749 
0.006 0.0056 0.0069 0.0069 0.9746 
0.008 0.0065 0.0077 0.0058 0.972 
0.007 0.0072 0.0067 0.0078 0.9713 
0.0061 0.0059 0.0065 0.0064 0.9751 
0.0062 0.0052 0.0074 0.0068 0.9744 
0.007 0.0073 0.0077 0.0066 0.9714 
0.0058 0.0082 0.0064 0.0046 0.975 
0.0068 0.0052 0.0063 0.0064 0.9753000000000001 
0.0066 0.0075 0.0065 0.0061 0.9733 
0.0074 0.0066 0.0072 0.0059 0.9729 
0.0067 0.0069 0.0069 0.0063 0.9732 
0.0069 0.0079 0.007 0.0078 0.9704 
0.008 0.0089 0.0074 0.007 0.9687 
0.0061 0.0064 0.0073 0.007 0.9732 
0.0064 0.0091 0.0086 0.0059 0.97 
0.0059 0.0078 0.0073 0.0064 0.9726 
0.0074 0.0065 0.0087 0.0081 0.9693 
0.0071 0.0062 0.008 0.0058 0.9729 
0.0065 0.0075 0.007 0.0062 0.9728 
0.006 0.0068 0.0059 0.0072 0.9741 
0.006 0.0072 0.0055 0.0079 0.9734 
0.0069 0.0053 0.0072 0.0064 0.9742 
0.0067 0.0068 0.0061 0.0066 0.9738 
0.0059 0.0066 0.0066 0.0068 0.9741 
0.0069 0.0072 0.0084 0.0071 0.9704 
0.0069 0.007 0.0058 0.006 0.9742999999999999 
0.0 0.0 0.0 0.0 1.0 
0.0 0.0 0.0 0.0 1.0 
0.0068 0.0077 0.0076 0.008 0.9699 
0.0074 0.0079 0.0075 0.0082 0.969 
0.0073 0.0077 0.0057 0.0077 0.9716 
0.0064 0.0065 0.0077 0.0056 0.9738 
0.0063 0.0061 0.0066 0.0068 0.9742 
0.006 0.0084 0.0065 0.0054 0.9737 
0.0069 0.0096 0.0073 0.0069 0.9693 
0.0065 0.0063 0.0075 0.0053 0.9744 
0.0068 0.0064 0.0056 0.0076 0.9736 
0.0057 0.0072 0.007 0.0073 0.9728 
0.005 0.0067 0.0068 0.0062 0.9753000000000001 
0.0056 0.0066 0.0065 0.0069 0.9744 
0.0063 0.0076 0.0069 0.0059 0.9733 
0.0084 0.0061 0.008 0.0056 0.9719 
0.0076 0.0059 0.0061 0.0056 0.9748 
0.0063 0.0066 0.0071 0.0067 0.9733 
0.006 0.0068 0.0064 0.0084 0.9724 
0.0072 0.0068 0.0076 0.0054 0.973 
0.0077 0.0061 0.0063 0.0078 0.9721 
0.0075 0.0068 0.0057 0.0074 0.9726 
0.0075 0.0074 0.0068 0.007 0.9713 
0.007 0.0061 0.0065 0.0061 0.9742999999999999 
0.0079 0.0067 0.0077 0.006 0.9717 
0.0074 0.0078 0.0059 0.0061 0.9728 
0.0075 0.007 0.0058 0.007 0.9727 
0.0051 0.0069 0.0066 0.0054 0.976 
0.0069 0.0067 0.0073 0.0075 0.9716 
0.0058 0.0063 0.0066 0.0067 0.9746 
0.0 0.0 0.0 0.0 1.0 
0.0 0.0 0.0 0.0 1.0 
0.0067 0.0059 0.0066 0.0072 0.9736 
0.0074 0.0079 0.007 0.0068 0.9709 
0.0064 0.0059 0.0088 0.0089 0.97 
0.0079 0.0072 0.0071 0.0076 0.9702 
0.0075 0.0054 0.007 0.0062 0.9739 
0.0077 0.0077 0.0076 0.0061 0.9709 
0.0076 0.0078 0.0079 0.0065 0.9702 
0.0066 0.006 0.0068 0.0055 0.9751 
0.008 0.0077 0.0064 0.0059 0.972 
0.0074 0.0082 0.0056 0.006 0.9728 
0.0053 0.0065 0.0082 0.0079 0.9721 
0.0061 0.0067 0.0076 0.0057 0.9739 
0.0066 0.0081 0.0069 0.0059 0.9725 
0.006 0.007 0.0068 0.0065 0.9737 
0.0061 0.0069 0.0071 0.0065 0.9734 
0.0064 0.0064 0.0066 0.0074 0.9732 
0.0071 0.0073 0.0072 0.0062 0.9722 
0.0071 0.0073 0.0073 0.0062 0.9721 
0.0067 0.0075 0.0069 0.006 0.9729 
0.0066 0.0076 0.0075 0.0063 0.972 
0.0057 0.0079 0.0064 0.0062 0.9738 
0.0084 0.0071 0.0052 0.0068 0.9725 
0.0062 0.0061 0.0068 0.0065 0.9744 
0.0075 0.0087 0.0054 0.0058 0.9726 
0.0068 0.0065 0.0083 0.0061 0.9722999999999999 
0.0078 0.0069 0.0074 0.0065 0.9714 
0.009 0.0067 0.0041 0.0069 0.9733 
0.007 0.0069 0.0057 0.0075 0.9729 
0.0 0.0 0.0 0.0 1.0 
0.0 0.0 0.0 0.0 1.0 
0.0067 0.0074 0.0062 0.0081 0.9716 
0.0066 0.0069 0.0076 0.0071 0.9718 
0.0065 0.0066 0.0057 0.0066 0.9746 
0.0068 0.0056 0.0058 0.0064 0.9754 
0.0068 0.0074 0.0063 0.0059 0.9736 
0.0067 0.0056 0.0064 0.0059 0.9754 
0.0068 0.0069 0.0081 0.0058 0.9724 
0.0067 0.0061 0.0073 0.0055 0.9744 
0.007 0.0065 0.0066 0.0061 0.9738 
0.0069 0.0061 0.0064 0.007 0.9736 
0.007 0.0061 0.0096 0.0058 0.9715 
0.0076 0.0073 0.0064 0.0073 0.9714 
0.0064 0.0062 0.0065 0.0064 0.9745 
0.0058 0.0053 0.0065 0.0064 0.976 
0.0085 0.0072 0.0063 0.0063 0.9717 
0.0051 0.0067 0.0065 0.0064 0.9753000000000001 
0.0058 0.0051 0.0055 0.0072 0.9764 
0.0058 0.0059 0.0069 0.0073 0.9741 
0.008 0.0046 0.0068 0.0068 0.9738 
0.0069 0.0062 0.0061 0.0068 0.974 
0.0065 0.0064 0.0065 0.0078 0.9728 
0.0068 0.007 0.0054 0.0069 0.9739 
0.0068 0.006 0.0069 0.0065 0.9738 
0.0057 0.0072 0.0058 0.0077 0.9736 
0.0068 0.0076 0.0069 0.0077 0.971 
0.0057 0.0058 0.0064 0.0077 0.9744 
0.006 0.0055 0.0064 0.0067 0.9754 
0.0061 0.0055 0.0048 0.0068 0.9768 
0.0 0.0 0.0 0.0 1.0 
0.0 0.0 0.0 0.0 1.0 
0.0061 0.0064 0.006 0.0073 0.9742 
0.0074 0.0065 0.0052 0.0069 0.974 
0.0061 0.0065 0.0068 0.0066 0.974 
0.0083 0.0067 0.0076 0.0073 0.9701 
0.0058 0.0059 0.0074 0.0074 0.9735 
0.006 0.0049 0.0061 0.0055 0.9775 
0.0069 0.0076 0.0072 0.0079 0.9704 
0.0059 0.0078 0.0069 0.0049 0.9745 
0.0071 0.0056 0.0056 0.0067 0.975 
0.0072 0.007 0.0062 0.0079 0.9717 
0.0055 0.0078 0.0078 0.0066 0.9722999999999999 
0.0066 0.0064 0.0069 0.0081 0.972 
0.0065 0.0071 0.0073 0.0076 0.9715 
0.0076 0.0067 0.0078 0.007 0.9709 
0.0074 0.0059 0.0061 0.007 0.9736 
0.0059 0.0059 0.0073 0.0049 0.976 
0.007 0.0071 0.006 0.0062 0.9737 
0.007 0.0053 0.0081 0.0065 0.9731 
0.0072 0.0064 0.0069 0.0063 0.9732 
0.0083 0.0061 0.0065 0.0049 0.9742 
0.0061 0.0066 0.0064 0.007 0.9739 
0.006 0.0077 0.0076 0.0063 0.9724 
0.0066 0.0082 0.0059 0.0079 0.9714 
0.0077 0.0068 0.0066 0.0052 0.9737 
0.0066 0.0079 0.0061 0.006 0.9734 
0.0076 0.0067 0.008 0.006 0.9717 
0.0058 0.007 0.0069 0.0061 0.9742 
0.0085 0.009 0.0072 0.0076 0.9677 
0.0 0.0 0.0 0.0 1.0 
0.0 0.0 0.0 0.0 1.0 
0.0075 0.0073 0.0064 0.0063 0.9725 
0.0079 0.0064 0.0075 0.0057 0.9725 
0.0074 0.006 0.0071 0.0067 0.9728 
0.0069 0.0067 0.0076 0.0068 0.972 
0.0078 0.0073 0.0064 0.0065 0.972 
0.0046 0.0056 0.007 0.0065 0.9763 
0.0065 0.0082 0.0063 0.0079 0.9711 
0.0065 0.0075 0.0068 0.0065 0.9727 
0.0077 0.0067 0.007 0.0059 0.9727 
0.007 0.0075 0.0067 0.0072 0.9716 
0.0076 0.0056 0.0071 0.0072 0.9725 
0.0058 0.0061 0.0072 0.0069 0.974 
0.0062 0.0092 0.0065 0.0072 0.9709 
0.007 0.0061 0.0077 0.0077 0.9715 
0.0076 0.007 0.0067 0.0051 0.9736 
0.0067 0.0088 0.0077 0.0061 0.9707 
0.0072 0.0075 0.0065 0.0064 0.9724 
0.0064 0.0064 0.0072 0.007 0.973 
0.0063 0.0064 0.006 0.0083 0.973 
0.0071 0.0075 0.0068 0.0075 0.9711 
0.0067 0.0081 0.0063 0.0066 0.9722999999999999 
0.0053 0.0066 0.0078 0.0067 0.9736 
0.0057 0.0081 0.0075 0.006 0.9727 
0.0053 0.007 0.0073 0.0068 0.9736 
0.0061 0.0078 0.0067 0.0062 0.9732 
0.0061 0.0054 0.0075 0.0065 0.9745 
0.0069 0.0073 0.0075 0.007 0.9713 
0.0066 0.0073 0.0059 0.0067 0.9735 
0.0 0.0 0.0 0.0 1.0 
0.0 0.0 0.0 0.0 1.0 
0.007 0.0066 0.006 0.0074 0.973 
0.0072 0.0074 0.0056 0.0059 0.9739 
0.0066 0.0073 0.0079 0.0055 0.9727 
0.0071 0.0049 0.0068 0.0069 0.9742999999999999 
0.0075 0.0073 0.0077 0.007 0.9705 
0.0066 0.007 0.0057 0.006 0.9747 
0.0069 0.0063 0.008 0.0073 0.9715 
0.0069 0.0063 0.0072 0.0071 0.9725 
0.0069 0.0056 0.0075 0.0078 0.9722 
0.0076 0.0066 0.0059 0.0066 0.9733 
0.0072 0.0066 0.0072 0.0065 0.9725 
0.0063 0.0073 0.0059 0.0059 0.9746 
0.0066 0.0074 0.0083 0.0059 0.9718 
0.0076 0.0067 0.0065 0.0065 0.9727 
0.0065 0.0065 0.0055 0.0062 0.9753000000000001 
0.0066 0.0064 0.0059 0.0073 0.9738 
0.0076 0.0069 0.0063 0.0068 0.9724 
0.0084 0.0062 0.0062 0.0065 0.9727 
0.0079 0.0062 0.0069 0.0069 0.9721 
0.0067 0.0074 0.0062 0.0062 0.9735 
0.0058 0.0058 0.0076 0.0068 0.974 
0.0062 0.0062 0.0069 0.0066 0.9741 
0.0079 0.0077 0.007 0.0066 0.9708 
0.0062 0.0061 0.0071 0.0081 0.9725 
0.0056 0.0067 0.0076 0.0061 0.974 
0.0065 0.0067 0.0065 0.0066 0.9737 
0.0073 0.0079 0.0073 0.0064 0.9711 
0.0072 0.0072 0.0071 0.0076 0.9709 
0.0 0.0 0.0 0.0 1.0 
0.0 0.0 0.0 0.0 1.0 
0.0082 0.0073 0.0072 0.0068 0.9705 
0.0072 0.007 0.0063 0.0074 0.9721 
0.0054 0.0076 0.0076 0.0076 0.9718 
0.0071 0.0063 0.0068 0.0052 0.9746 
0.0076 0.0072 0.0061 0.0075 0.9716 
0.0078 0.0069 0.0064 0.0084 0.9705 
0.0073 0.0073 0.0072 0.0069 0.9713 
0.0067 0.0062 0.0065 0.0065 0.9741 
0.0056 0.0088 0.0069 0.0072 0.9715 
0.0068 0.0072 0.0067 0.0064 0.9729 
0.0067 0.0072 0.0063 0.0067 0.9731 
0.0083 0.0066 0.0061 0.0062 0.9728 
0.0066 0.007 0.0062 0.0074 0.9728 
0.0056 0.0064 0.009 0.0067 0.9723 
0.0058 0.0071 0.0055 0.0068 0.9748 
0.0077 0.0053 0.0071 0.0074 0.9725 
0.0064 0.0066 0.0072 0.0068 0.973 
0.0066 0.0076 0.0069 0.0064 0.9725 
0.0087 0.0069 0.0042 0.007 0.9732 
0.0059 0.0093 0.005 0.0052 0.9746 
0.0065 0.0072 0.006 0.0059 0.9744 
0.0058 0.0062 0.0054 0.0069 0.9757 
0.0062 0.0068 0.0063 0.0074 0.9733 
0.0082 0.0069 0.0062 0.0083 0.9704 
0.0068 0.0076 0.0073 0.0058 0.9725 
0.0076 0.0073 0.0073 0.0085 0.9693 
0.0078 0.0073 0.0057 0.0069 0.9723 
0.007 0.0056 0.0059 0.0056 0.9759 
0.0 0.0 0.0 0.0 1.0 
0.0 0.0 0.0 0.0 1.0 
0.0077 0.0064 0.0063 0.0072 0.9724 
0.006 0.0065 0.0079 0.0069 0.9727 
0.0063 0.0066 0.0063 0.007 0.9738 
0.0072 0.007 0.0081 0.0057 0.972 
0.0069 0.0063 0.0074 0.0059 0.9735 
0.0064 0.0066 0.0062 0.0059 0.9749 
0.0056 0.0069 0.0069 0.0048 0.9758 
0.0073 0.0058 0.006 0.0066 0.9742999999999999 
0.0069 0.0068 0.0079 0.0063 0.9721 
0.0068 0.0058 0.006 0.0058 0.9756 
0.0074 0.0056 0.0067 0.0071 0.9732 
0.0071 0.0075 0.0052 0.007 0.9732 
0.0061 0.0071 0.0064 0.0055 0.9749 
0.0071 0.0065 0.006 0.0061 0.9742999999999999 
0.006 0.0076 0.0064 0.0063 0.9737 
0.0068 0.0052 0.0062 0.0081 0.9737 
0.0074 0.0063 0.0074 0.0081 0.9708 
0.0085 0.0063 0.008 0.0061 0.9711 
0.0083 0.0066 0.0068 0.0058 0.9725 
0.0061 0.0058 0.0066 0.008 0.9735 
0.0087 0.0071 0.0086 0.0062 0.9694 
0.0071 0.0056 0.006 0.0081 0.9732 
0.0062 0.0064 0.0067 0.0065 0.9742 
0.0087 0.0067 0.0067 0.0055 0.9724 
0.0072 0.0056 0.008 0.0065 0.9727 
0.0071 0.0075 0.0071 0.0081 0.9702 
0.0068 0.007 0.0054 0.0069 0.9739 
0.0076 0.006 0.006 0.0065 0.9739 
0.0 0.0 0.0 0.0 1.0 
0.0 0.0 0.0 0.0 1.0 
0.0 0.0 0.0 0.0 1.0 
0.0 0.0 0.0 0.0 1.0 
0.0 0.0 0.0 0.0 1.0 
0.0 0.0 0.0 0.0 1.0 
0.0 0.0 0.0 0.0 1.0 
0.0 0.0 0.0 0.0 1.0 
0.0 0.0 0.0 0.0 1.0 
0.0 0.0 0.0 0.0 1.0 
0.0 0.0 0.0 0.0 1.0 
0.0 0.0 0.0 0.0 1.0 
0.0 0.0 0.0 0.0 1.0 
0.0 0.0 0.0 0.0 1.0 
0.0 0.0 0.0 0.0 1.0 
0.0 0.0 0.0 0.0 1.0 
0.0 0.0 0.0 0.0 1.0 
0.0 0.0 0.0 0.0 1.0 
0.0 0.0 0.0 0.0 1.0 
0.0 0.0 0.0 0.0 1.0 
0.0 0.0 0.0 0.0 1.0 
0.0 0.0 0.0 0.0 1.0 
0.0 0.0 0.0 0.0 1.0 
0.0 0.0 0.0 0.0 1.0 
0.0 0.0 0.0 0.0 1.0 
0.0 0.0 0.0 0.0 1.0 
0.0 0.0 0.0 0.0 1.0 
0.0 0.0 0.0 0.0 1.0 
0.0 0.0 0.0 0.0 1.0 
0.0 0.0 0.0 0.0 1.0 
0.0 0.0 0.0 0.0 1.0 
